2.9995
2.99708
2.99574
2.99477
2.99257
2.9918
2.97999
2.97359
2.97175
2.96926
2.96882
2.96842
2.96659
2.9661
2.96528
2.96526
2.96329
2.96057
2.95956
2.95533
2.9512
2.9485
2.94715
2.94587
2.9453
2.94493
2.94419
2.93949
2.9377
2.93696
2.93556
2.93458
2.93333
2.93155
2.93128
2.93094
2.93039
2.9299
2.92404
2.92145
2.91716
2.91577
2.91331
2.91054
2.91031
2.9103
2.9087
2.90588
2.90492
2.90251
2.90182
2.89907
2.89858
2.88518
2.88167
2.88155
2.88017
2.87873
2.87707
2.87628
2.87559
2.87275
2.87084
2.87011
2.86997
2.86918
2.8677
2.86666
2.86213
2.86192
2.86171
2.86086
2.86076
2.86042
2.86005
2.85338
2.84664
2.84472
2.84363
2.83516
2.83349
2.83169
2.82952
2.82707
2.82596
2.82534
2.82443
2.82399
2.82353
2.82234
2.82204
2.81914
2.81705
2.81573
2.81531
2.81429
2.81405
2.81306
2.81282
2.81267
2.81179
2.80948
2.80803
2.80654
2.80364
2.80207
2.79373
2.79194
2.79117
2.78979
2.77696
2.77221
2.77117
2.77114
2.7697
2.76829
2.76588
2.76553
2.76334
2.76298
2.76022
2.75975
2.75737
2.75258
2.75142
2.75031
2.74995
2.74639
2.74515
2.74333
2.73322
2.73135
2.73024
2.72898
2.7283
2.72362
2.72344
2.72335
2.72195
2.71823
2.71448
2.71111
2.71033
2.70988
2.70901
2.7082
2.7079
2.70772
2.70766
2.70621
2.70473
2.70247
2.70134
2.70047
2.70009
2.69987
2.69891
2.69849
2.69758
2.69639
2.69572
2.69572
2.69328
2.69206
2.69184
2.69155
2.69036
2.69028
2.68726
2.68587
2.68461
2.68455
2.68137
2.67742
2.67631
2.67513
2.67481
2.67462
2.67422
2.67345
2.67285
2.67136
2.67038
2.66382
2.6601
2.65798
2.65532
2.65195
2.64561
2.64453
2.64422
2.63818
2.63806
2.63241
2.63141
2.63014
2.62451
2.62382
2.6237
2.62168
2.61888
2.61769
2.61473
2.61232
2.60979
2.60865
2.60023
2.60018
2.59924
2.59861
2.59776
2.5967
2.59616
2.59491
2.59453
2.59252
2.59002
2.58832
2.5873
2.58574
2.5841
2.58177
2.58001
2.57998
2.57571
2.57267
2.57221
2.57175
2.57087
2.56986
2.56765
2.56543
2.56459
2.56418
2.5631
2.56089
2.5578
2.55016
2.54939
2.5473
2.54455
2.54348
2.54192
2.5387
2.53862
2.53612
2.53425
2.53198
2.53159
2.53095
2.53014
2.52919
2.52583
2.51844
2.51707
2.51493
2.51326
2.51278
2.51236
2.51184
2.50427
2.50218
2.50199
2.49796
2.4974
2.49395
2.49115
2.49003
2.48947
2.48886
2.48833
2.48786
2.48233
2.4817
2.48035
2.4792
2.47858
2.47792
2.47744
2.4753
2.47272
2.4724
2.46409
2.46188
2.46034
2.45884
2.4567
2.45575
2.45283
2.45189
2.4413
2.44031
2.43982
2.4387
2.43777
2.4367
2.43625
2.43587
2.43432
2.43046
2.42876
2.42792
2.4277
2.42477
2.42206
2.41877
2.41812
2.41779
2.41529
2.40579
2.402
2.40148
2.40116
2.40096
2.4007
2.39574
2.39514
2.39373
2.39324
2.38926
2.38739
2.38666
2.37991
2.37867
2.37372
2.37286
2.37143
2.36619
2.36591
2.36456
2.3569
2.35384
2.35155
2.35018
2.34726
2.33487
2.33367
2.33079
2.33012
2.32479
2.32212
2.31862
2.31656
2.31608
2.31601
2.31489
2.31324
2.31022
2.30887
2.30595
2.30495
2.30321
2.30204
2.29574
2.29449
2.29154
2.28863
2.2865
2.28142
2.27903
2.27722
2.27576
2.27492
2.27253
2.26944
2.26755
2.26577
2.26537
2.26177
2.26061
2.26035
2.25917
2.2588
2.25866
2.25616
2.2554
2.25496
2.25493
2.25439
2.25298
2.25296
2.24694
2.24411
2.2438
2.23871
2.23783
2.23664
2.23566
2.23152
2.22847
2.2281
2.22592
2.22478
2.22422
2.22267
2.22251
2.21826
2.21127
2.20734
2.20721
2.20709
2.19678
2.1944
2.19427
2.19271
2.18707
2.1854
2.18507
2.18152
2.17889
2.17277
2.17256
2.17119
2.1628
2.16259
2.16132
2.16048
2.15836
2.15593
2.1528
2.1525
2.15118
2.1494
2.14836
2.14462
2.14371
2.14283
2.13998
2.13867
2.13825
2.13717
2.1367
2.13345
2.13088
2.13052
2.1259
2.11821
2.11735
2.11708
2.11707
2.11434
2.11309
2.11172
2.10107
2.09841
2.0966
2.09642
2.09629
2.09616
2.09344
2.09221
2.09219
2.08976
2.0879
2.08707
2.08296
2.08238
2.08218
2.08173
2.07969
2.07866
2.07837
2.0765
2.0745
2.0699
2.06415
2.06211
2.06134
2.06033
2.05868
2.05786
2.05729
2.05398
2.04937
2.04897
2.04779
2.04174
2.04005
2.03713
2.03699
2.0363
2.02798
2.02757
2.02598
2.02553
2.02202
2.02197
2.02107
2.01926
2.01698
2.01209
2.01183
2.01034
2.01016
2.00891
2.00804
2.00548
2.00456
2.00364
1.99905
1.99891
1.99598
1.99536
1.99517
1.9934
1.99196
1.99189
1.99161
1.98799
1.98457
1.98031
1.98008
1.97937
1.97934
1.97692
1.97572
1.97386
1.97374
1.97069
1.96691
1.96423
1.96241
1.96132
1.95784
1.95487
1.95473
1.95435
1.95261
1.94753
1.94532
1.94432
1.94347
1.94325
1.94053
1.94032
1.93937
1.93933
1.93666
1.93648
1.93216
1.9312
1.93107
1.92791
1.92508
1.923
1.92055
1.91406
1.91033
1.90956
1.9086
1.90698
1.90484
1.90469
1.90394
1.89608
1.89427
1.89352
1.8935
1.89189
1.89059
1.89016
1.88989
1.88637
1.88075
1.87573
1.87041
1.86968
1.86744
1.86615
1.86525
1.86306
1.86304
1.85959
1.85949
1.85938
1.85506
1.85416
1.85322
1.84909
1.84096
1.83975
1.839
1.83639
1.83501
1.83358
1.83236
1.83013
1.82927
1.82691
1.82672
1.82575
1.82472
1.82426
1.82067
1.82045
1.81995
1.81992
1.81366
1.81026
1.80695
1.80611
1.80246
1.80172
1.79819
1.7974
1.79713
1.79465
1.79445
1.79386
1.79131
1.79034
1.78934
1.78736
1.78278
1.78162
1.77792
1.77358
1.77297
1.77272
1.77238
1.77222
1.77205
1.77164
1.767
1.7653
1.76384
1.76203
1.76079
1.76045
1.75797
1.75376
1.75289
1.75144
1.74863
1.74365
1.73762
1.73459
1.73128
1.72919
1.72764
1.72201
1.71973
1.71865
1.71792
1.71725
1.71541
1.70539
1.70347
1.70237
1.69905
1.699
1.69857
1.69596
1.69439
1.69087
1.68994
1.68364
1.68149
1.68008
1.67872
1.67805
1.67592
1.67571
1.6756
1.67229
1.66702
1.66285
1.66277
1.66018
1.65287
1.65001
1.6464
1.64618
1.64122
1.64075
1.64041
1.63646
1.63583
1.63525
1.63492
1.63258
1.63094
1.63036
1.62953
1.62431
1.61865
1.61817
1.61745
1.6168
1.61211
1.61152
1.60456
1.60435
1.60116
1.60019
1.59996
1.59372
1.59334
1.59331
1.59201
1.58973
1.58774
1.58751
1.58479
1.58366
1.58362
1.5825
1.58171
1.58156
1.58125
1.58038
1.57772
1.57651
1.57421
1.57375
1.57246
1.57027
1.57002
1.56677
1.56145
1.5589
1.55368
1.55222
1.55155
1.55076
1.55072
1.54961
1.54762
1.5432
1.53778
1.53701
1.53684
1.53383
1.52371
1.52339
1.52139
1.51448
1.51351
1.51149
1.51088
1.50961
1.5095
1.50891
1.50698
1.50614
1.50449
1.50248
1.50084
1.50051
1.49962
1.49924
1.49912
1.49603
1.49534
1.49368
1.48548
1.48483
1.48466
1.48341
1.48259
1.48222
1.48209
1.48071
1.47845
1.47585
1.47436
1.47431
1.47027
1.46913
1.46909
1.46852
1.4684
1.46748
1.46482
1.46377
1.46332
1.4623
1.45808
1.45575
1.45363
1.45308
1.45303
1.45122
1.44926
1.44484
1.44479
1.44399
1.44342
1.44336
1.44136
1.44089
1.44011
1.43998
1.43364
1.43228
1.43194
1.43022
1.42682
1.42618
1.42517
1.42442
1.42138
1.42049
1.41812
1.40953
1.40784
1.40014
1.39919
1.39837
1.39822
1.39787
1.39647
1.39257
1.38657
1.38631
1.38563
1.38364
1.38044
1.37993
1.37774
1.3765
1.37237
1.36566
1.36355
1.36281
1.36201
1.36195
1.36035
1.35622
1.35596
1.3508
1.34824
1.34769
1.34744
1.34694
1.34592
1.34391
1.33924
1.33794
1.33644
1.33458
1.33184
1.33177
1.33153
1.32637
1.32523
1.32014
1.31965
1.31748
1.31745
1.31475
1.3106
1.31052
1.31033
1.30836
1.30833
1.30592
1.30367
1.30285
1.30199
1.30101
1.30014
1.29712
1.29346
1.28466
1.28361
1.28016
1.27948
1.27572
1.27173
1.26992
1.26818
1.26741
1.26392
1.2637
1.25612
1.25515
1.25434
1.24979
1.24642
1.24198
1.23844
1.2376
1.23712
1.23701
1.23567
1.23028
1.22942
1.22721
1.22597
1.22234
1.22031
1.21984
1.21732
1.21139
1.20942
1.20585
1.20071
1.20022
1.19896
1.19861
1.19797
1.19562
1.19414
1.19353
1.19307
1.19282
1.19248
1.19222
1.19009
1.18853
1.18578
1.18212
1.18097
1.18043
1.17994
1.17491
1.16951
1.16723
1.16696
1.16596
1.16534
1.1593
1.15774
1.15484
1.15399
1.14141
1.1396
1.13339
1.13101
1.13023
1.12662
1.12598
1.12586
1.12536
1.12528
1.12509
1.12495
1.1235
1.12192
1.12018
1.12009
1.11989
1.11769
1.11362
1.10903
1.10784
1.10724
1.10435
1.10196
1.10066
1.10054
1.09785
1.0934
1.09316
1.09111
1.08755
1.08514
1.08296
1.08283
1.08232
1.08074
1.07701
1.07523
1.07439
1.07433
1.07419
1.07213
1.06955
1.06527
1.06398
1.06191
1.05958
1.05896
1.05867
1.05802
1.05251
1.05163
1.04998
1.0476
1.03839
1.03831
1.03629
1.03481
1.03402
1.03277
1.03008
1.02707
1.02556
1.02458
1.02085
1.02027
1.01998
1.01696
1.0166
1.01451
1.00999
1.00838
1.00425
1.00005
