6.00465
6.00545
6.00913
6.0103
6.01333
6.01597
6.01647
6.02061
6.02301
6.02497
6.02637
6.0294
6.03284
6.0329
6.0337
6.03478
6.03603
6.03842
6.03942
6.042
6.04892
6.04994
6.04994
6.05614
6.05663
6.05742
6.05903
6.06122
6.06182
6.06307
6.06514
6.06777
6.06802
6.07131
6.07587
6.07797
6.07902
6.08056
6.08428
6.08448
6.08519
6.08586
6.08708
6.08711
6.08746
6.08779
6.08796
6.08833
6.08837
6.09209
6.09261
6.09656
6.09717
6.09873
6.09928
6.10109
6.10136
6.10291
6.10713
6.10928
6.10944
6.10951
6.11074
6.11329
6.11439
6.11452
6.1152
6.11533
6.11875
6.12122
6.12432
6.12444
6.12561
6.12882
6.12889
6.12991
6.13049
6.1308
6.13097
6.13251
6.13513
6.13794
6.14159
6.14161
6.14742
6.1498
6.15374
6.15382
6.15505
6.15867
6.16218
6.16325
6.16452
6.1706
6.17448
6.17741
6.17799
6.17963
6.17966
6.18091
6.18177
6.18266
6.18491
6.18568
6.18919
6.19212
6.19295
6.19333
6.19373
6.19416
6.19658
6.19719
6.19747
6.19922
6.20008
6.20296
6.20376
6.20461
6.20552
6.20576
6.20732
6.21201
6.21306
6.21437
6.21518
6.21785
6.21876
6.22218
6.22776
6.22893
6.22931
6.23235
6.23421
6.23556
6.23606
6.23632
6.23661
6.23873
6.23929
6.23977
6.2415
6.24504
6.25083
6.25111
6.25156
6.25271
6.25441
6.25802
6.25924
6.26028
6.26056
6.26267
6.2628
6.26972
6.27029
6.27084
6.27211
6.27614
6.27619
6.27724
6.27812
6.27921
6.28176
6.28263
6.28975
6.28978
6.29741
6.29784
6.29922
6.30151
6.30275
6.30763
6.31295
6.31454
6.31955
6.32038
6.32115
6.3228
6.32418
6.32424
6.32693
6.32827
6.32944
6.33017
6.33031
6.33334
6.3374
6.33987
6.34064
6.34284
6.34415
6.34632
6.34752
6.34891
6.34892
6.35179
6.35179
6.35303
6.35585
6.35601
6.35646
6.35686
6.35973
6.36045
6.36059
6.36392
6.36421
6.36558
6.36597
6.36618
6.37005
6.37007
6.37177
6.37601
6.37811
6.38124
6.38205
6.38406
6.387
6.38793
6.38856
6.39193
6.3967
6.40105
6.40245
6.40302
6.40474
6.40537
6.40748
6.40784
6.40979
6.41216
6.41608
6.4276
6.43077
6.43558
6.43745
6.43955
6.44101
6.44281
6.4437
6.44431
6.44444
6.44551
6.44685
6.44705
6.44723
6.44819
6.44986
6.45153
6.4526
6.45598
6.4568
6.45947
6.45958
6.46038
6.46092
6.46187
6.46214
6.46465
6.46573
6.46803
6.47039
6.47237
6.4789
6.47928
6.48729
6.48971
6.49068
6.49278
6.49659
6.49909
6.4998
6.49996
6.50023
6.50051
6.50405
6.50532
6.50744
6.50799
6.50848
6.50848
6.50906
6.51044
6.51442
6.51609
6.51962
6.52042
6.52118
6.52185
6.52538
6.5277
6.52883
6.53235
6.53554
6.53736
6.53784
6.53913
6.5429
6.54337
6.54392
6.54419
6.54636
6.54868
6.54888
6.54896
6.5522
6.55382
6.55506
6.55674
6.55813
6.55885
6.55991
6.5668
6.56799
6.56938
6.56946
6.57745
6.58142
6.58257
6.58404
6.58506
6.59919
6.60456
6.60618
6.60682
6.60745
6.61353
6.6166
6.62274
6.62502
6.62512
6.62642
6.6266
6.62729
6.6274
6.63626
6.6412
6.6426
6.64301
6.64567
6.64971
6.65008
6.65558
6.65571
6.65982
6.66047
6.6624
6.66636
6.66757
6.67197
6.67301
6.6804
6.68244
6.68352
6.68388
6.68399
6.68409
6.68507
6.68737
6.69585
6.69766
6.6998
6.70184
6.70374
6.70742
6.70852
6.70881
6.71011
6.71191
6.71198
6.71208
6.71233
6.71731
6.71867
6.72469
6.7274
6.732
6.73658
6.74066
6.74108
6.74115
6.74262
6.74312
6.74431
6.74664
6.75001
6.75109
6.75703
6.75976
6.76005
6.76018
6.76082
6.76182
6.7622
6.7643
6.76595
6.76924
6.77051
6.77136
6.77161
6.77459
6.77651
6.7784
6.78152
6.78726
6.78774
6.79035
6.7927
6.79318
6.79516
6.79844
6.79953
6.80017
6.80044
6.80302
6.8051
6.80572
6.80908
6.81017
6.81234
6.81332
6.81343
6.81432
6.81874
6.81954
6.8231
6.82716
6.82918
6.82967
6.83228
6.83462
6.84317
6.84438
6.84452
6.84531
6.84918
6.8501
6.85284
6.8543
6.85466
6.85477
6.85972
6.86096
6.86264
6.86678
6.86688
6.86893
6.86984
6.87642
6.87749
6.8803
6.88049
6.88382
6.88429
6.88483
6.88775
6.88843
6.88966
6.89144
6.89526
6.89763
6.898
6.89814
6.89924
6.9022
6.90606
6.91208
6.91278
6.91312
6.91505
6.91588
6.91741
6.91841
6.91911
6.92668
6.92905
6.93207
6.93661
6.93681
6.93728
6.93801
6.94193
6.94193
6.94514
6.94895
6.95339
6.95394
6.95463
6.95555
6.96449
6.96453
6.966
6.96855
6.97024
6.97166
6.97328
6.97576
6.97781
6.97803
6.9798
6.98029
6.9812
6.98218
6.98421
6.98744
6.9875
6.98781
6.98793
6.98879
6.98934
6.99097
6.99821
6.99935
7.0027
7.00401
7.0075
7.00869
7.00924
7.00951
7.01615
7.01632
7.01651
7.01699
7.01872
7.02189
7.02484
7.02596
7.03052
7.03217
7.0332
7.0345
7.03494
7.03609
7.03625
7.03954
7.05186
7.05807
7.05963
7.06336
7.06339
7.06774
7.06818
7.06874
7.0747
7.07505
7.07581
7.08356
7.08375
7.08474
7.08656
7.08714
7.08751
7.08833
7.09126
7.09282
7.093
7.09396
7.09419
7.09682
7.10002
7.10059
7.1021
7.10276
7.10298
7.10367
7.10416
7.10452
7.10536
7.10728
7.10829
7.11458
7.11463
7.11581
7.11943
7.12018
7.12404
7.12412
7.12513
7.12554
7.12566
7.12713
7.12791
7.12809
7.1287
7.13058
7.13478
7.13872
7.13875
7.14035
7.1421
7.14229
7.14249
7.14415
7.14664
7.15161
7.15202
7.1535
7.15476
7.15606
7.15662
7.16037
7.16332
7.16412
7.16595
7.16823
7.16957
7.1734
7.17428
7.17496
7.17672
7.1769
7.17746
7.17796
7.1781
7.17894
7.1828
7.1845
7.18472
7.18939
7.18978
7.19474
7.19662
7.19719
7.19837
7.19997
7.203
7.20549
7.20684
7.20773
7.20802
7.2086
7.21219
7.21228
7.21235
7.21274
7.2131
7.21513
7.21802
7.21813
7.22852
7.22859
7.22872
7.22954
7.23398
7.23663
7.24405
7.24669
7.24785
7.24936
7.2499
7.25122
7.25195
7.25615
7.25911
7.25943
7.26154
7.26333
7.26456
7.26501
7.26641
7.26665
7.26671
7.2696
7.2697
7.27309
7.27521
7.27681
7.27927
7.28087
7.28132
7.28344
7.28366
7.28474
7.28606
7.28755
7.29258
7.29384
7.29622
7.30458
7.30586
7.30897
7.31061
7.31477
7.32106
7.32114
7.32923
7.33981
7.34164
7.34607
7.34783
7.35376
7.35709
7.35894
7.35928
7.35958
7.36001
7.36056
7.36081
7.36298
7.36325
7.36478
7.36658
7.36721
7.36986
7.37221
7.37573
7.38357
7.38548
7.38854
7.39142
7.39838
7.399
7.40445
7.40898
7.41177
7.41261
7.4129
7.41366
7.42174
7.42267
7.42346
7.42477
7.42564
7.42785
7.42825
7.4287
7.42917
7.42928
7.42949
7.43451
7.43562
7.43738
7.4376
7.44102
7.44158
7.44308
7.44488
7.44537
7.44557
7.44559
7.44631
7.44639
7.44678
7.44702
7.45218
7.45779
7.45859
7.45886
7.46089
7.46096
7.4614
7.46288
7.46434
7.47393
7.47531
7.47579
7.47597
7.47788
7.47841
7.48171
7.48359
7.48406
7.48785
7.48863
7.49004
7.49051
7.49307
7.49628
7.50075
7.50638
7.50678
7.50763
7.5113
7.51376
7.52061
7.52539
7.52896
7.52957
7.53022
7.53292
7.53658
7.53742
7.54114
7.5412
7.54306
7.54698
7.55293
7.55489
7.55919
7.55962
7.56149
7.56231
7.56441
7.56625
7.5686
7.56866
7.57826
7.58205
7.58372
7.58444
7.58933
7.59146
7.59264
7.595
7.59824
7.60483
7.60663
7.60866
7.60917
7.61036
7.61235
7.61334
7.61562
7.61582
7.61856
7.61975
7.62032
7.62172
7.62214
7.62381
7.63176
7.63271
7.63394
7.63405
7.63536
7.6367
7.63778
7.63851
7.63927
7.64148
7.6434
7.64387
7.6444
7.64672
7.65149
7.6515
7.65882
7.65888
7.66225
7.66322
7.66442
7.66795
7.66951
7.66969
7.67338
7.67431
7.67979
7.6802
7.68046
7.68169
7.68577
7.68872
7.68896
7.69229
7.69336
7.69421
7.69466
7.69498
7.69713
7.69728
7.69795
7.69921
7.70006
7.70038
7.70288
7.70371
7.70875
7.71012
7.71498
7.71928
7.72957
7.73092
7.73236
7.73782
7.74331
7.74367
7.745
7.74971
7.75018
7.75661
7.75857
7.75947
7.76082
7.76302
7.76419
7.76656
7.77258
7.77438
7.77501
7.7818
7.7853
7.78574
7.79
7.7907
7.79111
7.79215
7.79602
7.79816
7.79965
7.79981
7.80119
7.80126
7.80172
7.80195
7.80452
7.80937
7.80994
7.8119
7.81466
7.81517
7.81901
7.8195
7.82255
7.82473
7.82577
7.82592
7.82886
7.83869
7.84004
7.84045
7.84095
7.84113
7.84271
7.84651
7.85178
7.85188
7.85288
7.85684
7.85833
7.85861
7.85905
7.86137
7.86683
7.86939
7.87173
7.88081
7.88344
7.8851
7.88798
7.88905
7.89161
7.89472
7.90042
7.90155
7.902
7.90545
7.90857
7.91059
7.91207
7.91227
7.91261
7.9198
7.92033
7.92187
7.92305
7.92754
7.92917
7.93054
7.93178
7.9318
7.93486
7.93694
7.93695
7.93804
7.94133
7.94253
7.94495
7.94562
7.94594
7.94769
7.94908
7.95447
7.95666
7.95733
7.95773
7.95902
7.95951
7.9598
7.96144
7.96476
7.96796
7.96942
7.96957
7.97129
7.97167
7.97344
7.9771
7.98374
7.98427
7.98534
7.98556
7.98655
7.98983
7.99064
7.99134
7.99211
7.99493
7.99571
7.99692
